22.8150835084148
26.4631515313552
23.537009756588
24.7436080750764
24.7427722825624
24.6308124792401
23.6772465339767
25.786510072536
27.1618188382731
25.325116966624
25.8532565525372
25.2463502341162
27.2357030855763
24.9193084972531
24.8984885578302
24.2486268115029
25.871017930603
24.5791371373241
24.6442250938004
24.9595779044768
23.3738954419507
25.653309127835
25.5131368104224
25.5321111682963
26.132126391554
25.7755998020345
23.4596617084278
23.7771811114456
23.1092900896506
24.58477530143
25.6213532690426
23.916930556366
24.5382726673777
24.7619397176111
25.1430913476285
24.0789023932297
26.3296849605465
24.5215312340153
25.8201908160097
25.6533422578399
25.784456400089
26.0080859444573
26.0845831313986
26.1096798976293
24.0820147790208
25.3103255945872
27.6829761455262
25.6637203032567
26.2017191169279
24.985770693525
24.0740790293846
23.3666214899051
24.8406843759492
26.0518707336043
24.9400428816163
24.9074619115167
25.1576123147687
25.3086427626656
28.9177490649785
24.2235583492234
24.0079998714631
24.4098406219111
26.2346554744649
22.4246821990054
25.2412906455584
25.3202193734005
22.2439338579455
24.9488391262013
27.083561310358
21.9102236397033
26.3176793650232
26.4621544132527
24.3569966843035
27.0265591991636
26.1168258644505
25.665678500396
24.7382037577184
26.8910858040847
24.6330967201007
25.8200358564819
24.139750237187
22.433565808802
25.0807564615492
24.9337867031972
20.3663656884263
25.8609772603025
25.4503227102626
25.0844504170995
22.7213339495884
26.5858855448584
23.6934720531322
26.4457840599462
26.7844810120603
25.1249974252276
26.205228907695
26.9912476123533
24.2407488729724
26.2919610335036
23.9605431289091
24.2877280036076
23.1426803138536
25.3078109592885
27.5265381268043
24.400388837884
23.3179166923862
26.4889807877915
26.1847124732473
25.6053759424856
25.7841293242278
24.5045319003479
25.5208710513088
24.5707590958172
23.03809526604
29.0892663840161
23.3545221596459
25.0831792630379
26.4843940276474
26.8948575895163
25.0019953470199
28.116806970659
25.7757131587904
25.8934140711073
24.0085935867892
25.2678062895991
26.4910923269278
24.6126450777375
24.9825852751939
25.9994407452063
26.1088031904596
26.1095341792431
22.0454423435854
24.0290021720985
21.2396349339765
25.302462392748
24.798916871487
27.1819207874299
23.5773082885915
24.8206475161035
25.3488106670499
24.0818680570021
22.8791716871592
24.5743615861402
24.9566825215975
23.5893156225234
25.4649884480367
22.9234394891162
25.4166386834457
26.2743953806598
27.5605980885339
28.2011238134586
27.2634265092994
28.5964157945357
26.0461517332518
22.1922947770746
24.9072439914266
25.1611675218765
27.9772528008234
26.7556173645197
22.8078522886778
25.3401777126916
25.0182151078239
25.0151103150573
24.199655518384
25.4484333079255
25.6507151833123
27.1589971065216
25.5759131090933
25.8550552759713
22.3932217930066
24.2157223275258
26.8303086461583
26.1969225744032
24.420128985588
24.2635683578916
24.2326730993981
25.0994006467054
24.252207234298
23.2176770688694
27.3381083716443
24.8296002836773
25.26168737717
25.992551879334
27.5053340800553
25.722616425032
25.7229866214068
26.3637243121331
25.3707589712079
25.2991156716923
26.2397723217266
25.2077919434691
26.8870220750067
24.2855045874665
23.4082462316788
26.6356444264262
25.8490876890189
23.0137762334872
28.1641196118082
24.2490925050703
22.6038811558679
26.2382716791807
27.2866986252389
24.9635252515036
24.737389958986
22.6073736909001
24.13161860061
21.4074225081772
22.4333112427915
25.9511142627219
24.3870625960085
24.7589832817444
25.007882178953
27.5561900831521
27.8577073325872
25.1953279980786
24.807897554533
23.2413306860564
25.4281633832498
25.0497036764849
24.9055061006887
26.8892424750588
23.7342242157702
23.3414513100911
26.4758499527205
25.1412652474456
24.7007625567655
23.9601624637388
26.7882823920424
26.8873851652859
24.6247697306257
26.5717081926318
21.870792201547
25.0962289729049
26.0001268199831
23.9390426316745
25.0396127538222
23.7711675375689
25.40986987967
24.9296373206694
25.6897625701941
21.6623553404813
24.8143997556784
22.2852282270494
26.1882348790775
23.4083852934284
26.6222984916619
26.6790887122446
23.3690741192359
26.406202042699
24.707559411182
24.2549424207096
26.3537563382977
27.1785805159016
24.5907220444169
27.3172211996403
26.01933327538
25.6746182631456
25.3421798638451
25.1917809580344
28.6448891156107
24.9971341336556
25.5179843432884
29.4152839004709
24.6751179541391
24.4666916758893
24.7185500128865
23.1649323436157
27.0926360729354
27.9652780097529
25.4393738342767
26.4463438788856
25.9305269897925
24.5021088513292
22.3473338118896
23.2547616101464
23.7686508535992
27.2517176596448
25.7249544312041
24.5399426596098
25.9490549235724
26.8988823706316
26.7688936932448
24.5937352206108
26.2122775375362
23.3191520144075
24.0153755134909
25.4153223721917
24.1036226324507
23.9857817142639
23.6044267004232
23.0229381492437
24.2686923640561
24.2029476551057
23.2518061588203
25.8961350738661
25.2022466444823
25.3317275548793
22.766137662225
23.7098153752062
26.3946495382546
26.0439165734789
