-0.54688229939378
-0.899720956558343
-0.230824621988385
-0.172190745614591
-0.957324788550828
-0.599049341241961
-0.48760173570297
-0.032026923638273
-0.601286187049471
-0.0625871802887739
-0.0250543235567511
-0.171254483662875
-0.930082373527485
-0.85803871829286
-0.797447352467522
-0.492942369527101
-0.460461426903243
-0.363115766080716
-0.630983820221888
-0.234703496214113
-0.240750625960292
-0.320355706779791
-0.543101154664747
-0.482132414957018
-0.215709660080129
-0.0370582908302738
-0.630721259759945
-0.396052892696466
-0.761051623421023
-0.344285122660586
-0.945783899366027
-0.340424172826503
-0.60552424102597
-0.667345840560042
-0.822651861967351
-0.31469417827981
-0.244136949874955
-0.0234061879085868
-0.379686721223956
-0.305441268290061
-0.601059445401345
-0.972986276508846
-0.63173944304279
-0.0128503345264888
-0.224925739641235
-0.700261425610337
-0.462162023291257
-0.160757776902563
-0.599205649178143
-0.256105986961974
-0.0845990492896093
-0.172763059494929
-0.93638798929745
-0.783783118318103
-0.131257470195513
-0.358981013060312
-0.666535813852023
-0.1642475376904
-0.123930965079016
-0.577044587003536
-0.971966929918101
-0.925272011857609
-0.711462872741026
-0.083386509849385
-0.882055934955644
-0.612706901213312
-0.813380101950264
-0.685910449769887
-0.196534113941137
-0.513377141783973
-0.105450209482919
-0.498987679127093
-0.526227264179168
-0.23876524008675
-0.526279986426717
-0.136142020716125
-0.288106345235741
-0.25869014456817
-0.798397699580626
-0.965382312732698
-0.272783672595921
-0.423778304167102
-0.717868405315182
-0.773060943900209
-0.587759497659215
-0.0859900517560819
-0.973920751502775
-0.439894139836976
-0.842325432147906
-0.705538031997042
-0.268087112810539
-0.749091460386703
-0.533184463704792
-0.70134730070109
-0.21945692437213
-0.440562966350549
-0.232449231174681
-0.0121161267780043
-0.346090052936363
-0.34162931014172
